loss: 1.3803794384002686
accuracy: 0.290909081697464
auc: 0.5539706349372864
