loss: 1.3855807781219482
accuracy: 0.2956937849521637
auc: 0.5304625034332275
precision: 0.0
recall: 0.0
