»∆∑√ Ω√¿€: 2025-04-05 12:16:11.859162
»∆∑√ ¡æ∑·: 2025-04-06 12:19:41.569667
»∆∑√ Ω√∞£: 1 day, 0:03:29.710505

loss: 0.0038760039024055004
accuracy: 0.9990430474281311
auc: 0.9999997615814209
precision: 0.9990430474281311
recall: 0.9990430474281311
