loss: 1.3757766485214233
accuracy: 0.290909081697464
auc: 0.5592692494392395
