»∆∑√ Ω√¿€: 2025-04-05 12:27:20.768465
»∆∑√ ¡æ∑·: 2025-04-06 16:16:05.734473
»∆∑√ Ω√∞£: 1 day, 3:48:44.966008

loss: 0.6194029450416565
accuracy: 0.9119617342948914
auc: 0.9853719472885132
precision: 0.9845890402793884
recall: 0.5502392053604126
