loss: 1.378017783164978
accuracy: 0.290909081697464
auc: 0.5553886890411377
precision: 0.0
recall: 0.0
