»∆∑√ Ω√¿€: 2025-04-05 14:58:51.694035
»∆∑√ ¡æ∑·: 2025-04-05 17:27:47.852875
»∆∑√ Ω√∞£: 2:28:56.158840

loss: 1.3908843994140625
accuracy: 0.2884431779384613
auc: 0.53619384765625
precision: 0.0
recall: 0.0
